exclude_storyids
screened by allanko on 7/21/2016

259191310
259252300
259300173
259312156
259313993
259312925
259324388
259814107
260034398
260040950
260050216
260057425
260134406
260395268
260446478
260954298
260956499
260959131
260974281
261376726
261379106
261257134
261810177
261869550
262013189
262028504
263442391
263669291
264109392
264489686
264511535
264694911
264709678
265215401
265520129
265526974
463218202
462725518
463199282
463200542
463200971
463202647
463187150
463187453
463187990
463188083
464794390
464740823
464728920
464630192
464611848
463711127
463818736
463881829
463901066
463931129
463943763
463977119
464047537
464085857
464098964
464215522
464241858
464274890
464312759
464403765