excluded_final

screened by allanko on 7/20/2016

354835876
355546015
355546399
355636987
355637287
355989314
327832576
474906148
367022973
368000228
368005964
368006531
368765602
368768867
369994285
370032734
337490681
338223595
338857231
339642067
337293125
337348751
337416761
337549920
337555992
337649282
337650159
337739164
337751470
337747079
337778182
337791393
338089671
338092105
338112510
338189328
338213324
338342287
338346041
338348317
338439841
338609345
338689068
338716951
338719441
338728407
338735189
338737460
338777197
338857238
339012482
339012003
339014010
339026489
339033104
339043761
339068913
339075387
339098692
339100831
339216569
339217730
339218586
339260617
339261139
339287869
339417344
340201879
340238497
340506238
340565729
340570368
340644019
340643712
340646777
340835759
341132558
341137402
341223898
463183765
463183941
463183955
463184053
463184270
463184823
463184850
463184880
463184433
463184445
463185365
463184901
463185254
463185289
463185036
463185655
463193303
463193634
463193044
463194467
463193850
463194163
463194178
463195253
463194921
463204260
463204435
463204738
463204920
463205011
463205137
463205559
463205949
463205953
463227379
463227209
463227553
463227713
463227774
463228675
463228740
463229026
463229066
463229138
463229245
463229280
463229974
463230005
463229542
463229910
463230327
463230329
463230498
463230840
463231018
463231031
463231618
463231381
463232393
463232430
463231689
463232289
463232578
463232685
463233638
463232926
463233182
463233587
463233276
463233437
463234066
463233754
463233801
463206847
463206829
463206859
463207025
463207677
463207561
463207938
463208122
463208613
463208420
463208428
463208789
463208944
463209191
463210054
463209567
463210262
463210388
463211635
463211252
463211298
463211079
463211776
463213873
463212039
463212547
463212411
463212447
463213090
463213093
463213379
463213704
463213816
463214044
463214284
463213621
463214137
463214173
463214213
463215162
463215259
463215352
463215805
463215842
463215404
463216183
463216940
463217219
463218171
463219041
463219575
463219474
463219524
463218864
463218908
463219774
463195130
463196532
463196276
463196674
463196698
463197337
463198097
463198698
463198003
463198577
463198166
463198971
463199466
463200102
463200639
463201315
463201478
463202375
463202392
463201934
463201967
463202790
463202788
463202482
463203150
463202864
463203227
463186705
463186728
463186848
463186872
463187372
463188358
463188830
463188514
463188777
463189709
463189457
463190561
463190767
463191012
463191016
463190971
463191368
463191851
463191508
463191797
463191932
463191978
463192175
463192356
463192707
463192798
443629011
365377999
363823090
363824363
463213803
463217936
463198892
463188912
463189989
463191880
463191632
463192107
463192422
334929920
334983143
335003199
335063062
335067047
335083932
335127071
335127067
335130309
335137015
335139086
336656515